<svg version="1.1" xmlns="http://www.w3.org/2000/svg" viewBox="0 0 459.5731935433328 104.6613267227138">
  <!-- svg-source:excalidraw -->
  
  <defs>
    <style class="style-fonts">
      @font-face {
        font-family: "Virgil";
        src: url("https://excalidraw.com/Virgil.woff2");
      }
      @font-face {
        font-family: "Cascadia";
        src: url("https://excalidraw.com/Cascadia.woff2");
      }
    </style>
    
  </defs>
  <rect x="0" y="0" width="459.5731935433328" height="104.6613267227138" fill="#ffffff"/><g transform="translate(19.32824568787609 47.4614464011799) rotate(0 18.935817316828903 3.7871555382079833)" stroke="none"><path fill="#1e1e1e" d="M 1.87,-0.15 Q 1.87,-0.15 2.01,1.71 2.15,3.57 2.32,5.59 2.49,7.61 2.92,8.95 3.35,10.28 4.08,11.66 4.81,13.04 5.92,14.10 7.02,15.16 8.20,15.86 9.37,16.55 10.91,16.98 12.45,17.41 14.23,17.49 16.01,17.57 17.97,17.36 19.93,17.15 21.79,16.62 23.64,16.10 25.23,15.05 26.82,14.00 28.63,12.62 30.45,11.24 31.76,9.67 33.06,8.09 33.67,6.81 34.27,5.52 34.80,4.08 35.34,2.64 35.48,1.38 35.63,0.13 35.15,-1.95 34.67,-4.03 34.11,-4.96 33.55,-5.88 32.15,-6.93 30.74,-7.98 29.64,-8.41 28.54,-8.85 27.23,-9.19 25.92,-9.53 24.68,-9.66 23.43,-9.79 22.29,-9.82 21.14,-9.86 19.37,-9.37 17.59,-8.89 16.61,-8.44 15.63,-8.00 14.23,-7.20 12.84,-6.40 11.40,-5.46 9.96,-4.53 8.80,-3.60 7.65,-2.66 6.79,-1.84 5.93,-1.01 5.39,0.09 4.85,1.20 4.85,2.88 4.85,4.55 5.21,4.72 5.58,4.88 6.08,5.03 6.58,5.17 7.01,5.47 7.44,5.77 7.75,6.18 8.06,6.60 8.22,7.10 8.38,7.60 8.38,8.12 8.37,8.64 8.20,9.13 8.03,9.63 7.71,10.04 7.39,10.45 6.95,10.74 6.52,11.03 6.01,11.16 5.51,11.30 4.99,11.26 4.47,11.23 3.98,11.03 3.50,10.83 3.11,10.49 2.71,10.15 2.45,9.70 2.18,9.25 2.08,8.74 1.97,8.23 2.03,7.71 2.09,7.19 2.32,6.72 2.54,6.25 2.90,5.87 3.27,5.50 3.73,5.26 4.20,5.02 4.71,4.94 5.23,4.86 5.74,4.95 6.26,5.04 6.71,5.29 7.17,5.54 7.53,5.92 7.88,6.30 8.10,6.78 8.31,7.26 8.36,7.77 8.41,8.29 8.29,8.80 8.18,9.31 7.90,9.76 7.63,10.20 7.23,10.53 6.83,10.87 6.34,11.06 5.85,11.24 5.33,11.27 4.81,11.29 4.81,11.29 4.81,11.29 2.02,9.32 -0.76,7.35 -1.15,5.95 -1.54,4.55 -1.44,2.57 -1.35,0.59 -0.73,-1.13 -0.11,-2.87 0.84,-4.19 1.79,-5.51 2.99,-6.50 4.20,-7.50 5.65,-8.52 7.11,-9.54 8.58,-10.36 10.06,-11.19 11.81,-12.02 13.56,-12.84 14.76,-13.33 15.97,-13.82 17.34,-14.22 18.70,-14.61 20.06,-14.71 21.41,-14.81 22.71,-14.71 24.00,-14.60 25.57,-14.40 27.14,-14.19 28.79,-13.75 30.45,-13.32 31.93,-12.65 33.41,-11.98 34.43,-11.19 35.45,-10.41 36.46,-9.18 37.48,-7.95 38.14,-6.53 38.79,-5.10 39.10,-3.58 39.41,-2.05 39.36,-0.62 39.31,0.80 38.92,2.38 38.53,3.96 37.80,5.53 37.08,7.10 36.17,8.50 35.27,9.90 33.77,11.73 32.26,13.55 30.39,15.05 28.52,16.54 26.55,17.85 24.59,19.17 22.49,19.82 20.38,20.47 18.14,20.82 15.90,21.18 13.66,21.13 11.42,21.08 9.35,20.47 7.28,19.85 5.82,18.83 4.36,17.81 2.92,16.30 1.49,14.79 0.63,13.03 -0.22,11.28 -0.60,9.64 -0.98,8.00 -1.26,5.94 -1.53,3.88 -1.70,2.02 -1.87,0.15 -1.87,-0.07 -1.86,-0.29 -1.79,-0.51 -1.73,-0.73 -1.62,-0.93 -1.51,-1.12 -1.35,-1.29 -1.19,-1.45 -1.00,-1.57 -0.81,-1.70 -0.59,-1.77 -0.38,-1.84 -0.15,-1.86 0.07,-1.88 0.29,-1.84 0.52,-1.81 0.72,-1.72 0.93,-1.63 1.12,-1.49 1.30,-1.36 1.44,-1.18 1.59,-1.01 1.68,-0.80 1.78,-0.60 1.83,-0.37 1.87,-0.15 1.87,-0.15 L 1.87,-0.15 Z"/></g><g transform="translate(60.98707548553091 15) rotate(0 -22.993537742765454 37.3306633613569)" stroke="none"><path fill="#1e1e1e" d="M 1.05,1.18 Q 1.05,1.18 -0.33,2.44 -1.71,3.70 -3.34,5.66 -4.96,7.62 -6.75,10.29 -8.53,12.97 -11.18,17.22 -13.82,21.47 -16.49,26.36 -19.16,31.25 -21.72,35.39 -24.29,39.54 -26.76,43.90 -29.23,48.27 -31.54,52.17 -33.85,56.07 -35.76,59.42 -37.67,62.77 -39.29,65.17 -40.91,67.58 -41.85,69.32 -42.79,71.06 -43.29,72.35 -43.79,73.64 -43.81,73.65 -43.82,73.65 -43.93,73.82 -44.03,73.99 -44.18,74.12 -44.32,74.26 -44.49,74.36 -44.66,74.46 -44.85,74.52 -45.04,74.57 -45.24,74.58 -45.44,74.59 -45.63,74.55 -45.82,74.51 -46.00,74.43 -46.18,74.34 -46.33,74.22 -46.49,74.10 -46.61,73.94 -46.73,73.78 -46.81,73.60 -46.88,73.42 -46.92,73.22 -46.95,73.03 -46.93,72.83 -46.92,72.63 -46.86,72.44 -46.79,72.26 -45.52,70.02 -44.25,67.77 -44.04,67.54 -43.84,67.30 -43.56,67.14 -43.29,66.99 -42.98,66.93 -42.67,66.86 -42.36,66.90 -42.04,66.94 -41.76,67.08 -41.48,67.22 -41.25,67.44 -41.03,67.66 -40.88,67.94 -40.74,68.23 -40.70,68.54 -40.65,68.85 -40.71,69.16 -40.77,69.47 -40.92,69.75 -41.07,70.02 -41.31,70.24 -41.54,70.45 -41.83,70.57 -42.12,70.70 -42.43,70.73 -42.75,70.76 -43.05,70.68 -43.36,70.61 -43.63,70.44 -43.89,70.27 -44.09,70.03 -44.29,69.79 -44.40,69.49 -44.52,69.19 -44.53,68.88 -44.54,68.56 -44.45,68.26 -44.36,67.96 -44.17,67.70 -43.99,67.44 -43.74,67.26 -43.48,67.07 -43.18,66.98 -42.88,66.88 -42.56,66.89 -42.25,66.89 -41.95,67.00 -41.66,67.11 -41.41,67.30 -41.16,67.50 -40.99,67.76 -40.82,68.03 -40.74,68.33 -40.66,68.64 -40.68,68.95 -40.71,69.27 -40.83,69.56 -40.95,69.85 -40.95,69.85 -40.95,69.85 -42.39,71.75 -43.82,73.65 -43.93,73.82 -44.03,73.99 -44.18,74.12 -44.32,74.26 -44.49,74.36 -44.66,74.46 -44.85,74.52 -45.04,74.57 -45.24,74.58 -45.44,74.59 -45.63,74.55 -45.82,74.51 -46.00,74.43 -46.18,74.34 -46.33,74.22 -46.49,74.10 -46.61,73.94 -46.73,73.78 -46.81,73.60 -46.88,73.42 -46.92,73.22 -46.95,73.03 -46.93,72.83 -46.92,72.63 -46.86,72.44 -46.79,72.26 -46.63,72.15 -46.47,72.05 -45.83,70.89 -45.18,69.74 -44.15,67.91 -43.11,66.09 -41.55,63.77 -39.99,61.45 -38.08,58.07 -36.17,54.70 -33.89,50.82 -31.60,46.93 -29.12,42.51 -26.63,38.09 -24.13,34.00 -21.62,29.91 -18.94,24.94 -16.26,19.97 -13.63,15.66 -11.01,11.35 -9.18,8.52 -7.36,5.68 -5.62,3.48 -3.88,1.27 -2.46,0.04 -1.05,-1.18 -0.89,-1.29 -0.73,-1.40 -0.55,-1.46 -0.38,-1.53 -0.19,-1.55 -0.00,-1.58 0.18,-1.56 0.37,-1.53 0.55,-1.47 0.73,-1.40 0.89,-1.29 1.04,-1.18 1.17,-1.04 1.30,-0.90 1.39,-0.73 1.47,-0.56 1.52,-0.37 1.57,-0.19 1.57,-0.00 1.57,0.18 1.52,0.37 1.48,0.55 1.39,0.72 1.30,0.89 1.17,1.04 1.05,1.18 1.05,1.18 L 1.05,1.18 Z"/></g><g transform="translate(72.88963224982294 51.7896326503724) rotate(0 14.337125618591429 0.54102080453724)" stroke="none"><path fill="#1e1e1e" d="M 0,-2.01 Q 0,-2.01 3.26,-1.92 6.53,-1.82 9.16,-1.76 11.79,-1.69 14.51,-1.48 17.23,-1.27 19.34,-1.02 21.44,-0.77 23.07,-0.74 24.69,-0.71 26.34,-0.74 28.00,-0.76 28.28,-0.70 28.57,-0.64 28.83,-0.50 29.08,-0.35 29.28,-0.13 29.47,0.08 29.59,0.35 29.70,0.62 29.73,0.92 29.75,1.21 29.67,1.50 29.60,1.78 29.44,2.03 29.28,2.28 29.05,2.46 28.82,2.64 28.54,2.74 28.26,2.84 27.97,2.85 27.67,2.85 27.39,2.77 27.11,2.68 26.87,2.50 26.64,2.33 26.47,2.09 26.30,1.85 26.21,1.57 26.13,1.28 26.14,0.99 26.15,0.70 26.25,0.42 26.35,0.14 26.54,-0.07 26.73,-0.30 26.98,-0.46 27.23,-0.62 27.51,-0.69 27.80,-0.75 28.09,-0.73 28.39,-0.70 28.66,-0.58 28.93,-0.47 29.14,-0.27 29.36,-0.07 29.50,0.18 29.65,0.44 29.70,0.73 29.75,1.02 29.71,1.31 29.67,1.60 29.54,1.86 29.40,2.13 29.19,2.33 28.99,2.54 28.72,2.67 28.46,2.80 28.16,2.83 27.87,2.87 27.87,2.87 27.87,2.87 26.19,2.73 24.50,2.60 22.81,2.44 21.12,2.28 19.08,2.08 17.05,1.89 14.42,1.79 11.79,1.69 9.16,1.76 6.53,1.82 3.26,1.92 0,2.01 -0.24,1.98 -0.48,1.95 -0.71,1.87 -0.93,1.78 -1.13,1.64 -1.33,1.51 -1.49,1.32 -1.66,1.14 -1.77,0.93 -1.88,0.71 -1.94,0.47 -2.00,0.24 -2.00,-0.00 -2.00,-0.24 -1.94,-0.47 -1.88,-0.71 -1.77,-0.93 -1.66,-1.14 -1.49,-1.32 -1.33,-1.51 -1.13,-1.64 -0.93,-1.78 -0.71,-1.87 -0.48,-1.95 -0.24,-1.98 0.00,-2.01 0.00,-2.01 L 0,-2.01 Z"/></g><g transform="translate(77.21779868612086 43.13324033909291) rotate(0 11.63203150235249 0.5410307109845007)" stroke="none"><path fill="#1e1e1e" d="M 0,-2.22 Q 0,-2.22 2.48,-2.10 4.97,-1.98 7.04,-1.77 9.10,-1.55 10.54,-1.54 11.98,-1.53 13.90,-1.32 15.82,-1.10 17.34,-1.06 18.87,-1.02 20.89,-1.01 22.90,-1.00 23.23,-0.94 23.57,-0.88 23.86,-0.71 24.15,-0.55 24.38,-0.30 24.60,-0.05 24.74,0.25 24.87,0.56 24.90,0.89 24.93,1.23 24.85,1.55 24.77,1.88 24.59,2.16 24.41,2.45 24.15,2.66 23.89,2.87 23.57,2.99 23.26,3.11 22.92,3.12 22.59,3.13 22.27,3.03 21.94,2.93 21.67,2.74 21.40,2.54 21.20,2.27 21.00,2.00 20.90,1.68 20.80,1.36 20.81,1.02 20.82,0.69 20.93,0.37 21.04,0.05 21.25,-0.20 21.46,-0.46 21.75,-0.64 22.03,-0.83 22.35,-0.91 22.68,-0.99 23.02,-0.97 23.35,-0.94 23.66,-0.81 23.97,-0.68 24.22,-0.45 24.47,-0.23 24.64,0.05 24.81,0.34 24.87,0.67 24.94,1.00 24.89,1.34 24.85,1.67 24.70,1.97 24.55,2.27 24.31,2.51 24.08,2.75 23.78,2.90 23.48,3.05 23.14,3.10 22.81,3.15 22.81,3.15 22.81,3.15 20.74,3.05 18.67,2.95 17.06,2.84 15.44,2.72 13.62,2.57 11.80,2.42 10.31,2.30 8.81,2.17 6.89,2.08 4.97,1.98 2.48,2.10 0,2.22 -0.26,2.19 -0.53,2.16 -0.78,2.06 -1.03,1.97 -1.25,1.82 -1.47,1.66 -1.65,1.46 -1.83,1.26 -1.95,1.02 -2.08,0.78 -2.14,0.52 -2.21,0.26 -2.21,-0.00 -2.21,-0.26 -2.14,-0.52 -2.08,-0.79 -1.95,-1.02 -1.83,-1.26 -1.65,-1.46 -1.47,-1.66 -1.25,-1.82 -1.03,-1.97 -0.78,-2.06 -0.53,-2.16 -0.26,-2.19 0.00,-2.22 0.00,-2.22 L 0,-2.22 Z"/></g><g transform="translate(141.59972021617978 30.689692489605363) rotate(0 -5.9512783821460005 21.64096096530419)" stroke="none"><path fill="#1e1e1e" d="M -2.44,-1.04 Q -2.44,-1.04 -1.99,-2.14 -1.53,-3.23 -2.84,-2.69 -4.14,-2.15 -4.23,-0.87 -4.32,0.39 -4.35,2.01 -4.38,3.64 -4.17,5.19 -3.95,6.74 -3.62,8.10 -3.28,9.46 -3.20,10.74 -3.12,12.02 -3.37,13.67 -3.61,15.32 -4.28,16.31 -4.95,17.29 -6.03,17.63 -7.11,17.97 -8.21,18.03 -9.31,18.08 -10.31,18.73 -11.31,19.38 -10.71,18.36 -10.11,17.34 -8.78,18.38 -7.45,19.43 -6.53,20.38 -5.61,21.34 -4.92,22.75 -4.23,24.17 -4.37,26.14 -4.51,28.11 -4.72,29.43 -4.93,30.75 -5.24,32.66 -5.54,34.58 -5.69,36.55 -5.84,38.52 -5.88,40.43 -5.92,42.33 -5.81,43.44 -5.70,44.55 -3.72,45.13 -1.75,45.70 0.03,46.18 1.83,46.66 2.31,46.82 2.79,46.97 3.19,47.27 3.60,47.57 3.88,47.98 4.17,48.39 4.31,48.87 4.46,49.35 4.44,49.85 4.42,50.35 4.24,50.82 4.06,51.29 3.74,51.68 3.42,52.07 3.00,52.33 2.57,52.60 2.08,52.71 1.59,52.83 1.09,52.78 0.59,52.74 0.13,52.53 -0.31,52.33 -0.68,51.99 -1.05,51.65 -1.30,51.21 -1.54,50.77 -1.63,50.27 -1.71,49.78 -1.64,49.28 -1.57,48.79 -1.34,48.34 -1.11,47.89 -0.75,47.54 -0.39,47.19 0.05,46.97 0.50,46.76 1.00,46.70 1.50,46.63 1.99,46.73 2.48,46.83 2.92,47.09 3.35,47.34 3.68,47.72 4.01,48.09 4.20,48.56 4.40,49.02 4.43,49.52 4.47,50.02 4.34,50.51 4.21,50.99 3.94,51.41 3.66,51.83 3.27,52.14 2.87,52.45 2.40,52.62 1.93,52.79 1.42,52.79 0.92,52.80 0.92,52.80 0.92,52.80 -1.22,52.22 -3.37,51.65 -5.05,51.22 -6.72,50.79 -8.06,50.12 -9.39,49.45 -10.41,48.39 -11.44,47.33 -11.92,45.92 -12.40,44.51 -12.42,43.40 -12.44,42.29 -12.44,40.30 -12.44,38.31 -12.43,37.15 -12.42,35.99 -12.22,33.71 -12.02,31.42 -11.79,29.66 -11.56,27.90 -11.50,26.65 -11.43,25.40 -12.62,24.18 -13.82,22.96 -14.81,21.65 -15.81,20.34 -16.30,18.97 -16.78,17.60 -16.67,16.50 -16.55,15.40 -15.31,14.22 -14.07,13.04 -12.78,12.30 -11.49,11.55 -10.07,11.56 -8.65,11.57 -9.28,12.62 -9.91,13.66 -9.87,12.59 -9.83,11.52 -9.84,10.35 -9.84,9.18 -10.11,7.61 -10.37,6.04 -10.52,3.91 -10.67,1.77 -10.52,-0.08 -10.36,-1.95 -9.98,-3.34 -9.61,-4.74 -7.99,-6.45 -6.38,-8.15 -3.94,-8.70 -1.51,-9.24 -0.20,-8.95 1.10,-8.65 2.13,-7.94 3.15,-7.24 3.63,-6.07 4.11,-4.91 3.76,-3.01 3.40,-1.12 2.92,-0.03 2.44,1.04 2.28,1.32 2.12,1.60 1.90,1.83 1.67,2.06 1.40,2.23 1.13,2.40 0.83,2.50 0.52,2.60 0.20,2.63 -0.11,2.65 -0.42,2.60 -0.74,2.55 -1.04,2.42 -1.33,2.30 -1.59,2.10 -1.84,1.91 -2.04,1.66 -2.25,1.41 -2.38,1.12 -2.52,0.83 -2.58,0.52 -2.65,0.20 -2.63,-0.11 -2.62,-0.43 -2.53,-0.74 -2.44,-1.04 -2.44,-1.04 L -2.44,-1.04 Z"/></g><g transform="translate(171.89704377342164 39.88709569897483) rotate(0 -5.680713494417418 8.92689776032448)" stroke="none"><path fill="#1e1e1e" d="M 1.59,1.59 Q 1.59,1.59 0.85,2.40 0.12,3.21 -0.71,4.53 -1.55,5.86 -2.82,7.84 -4.09,9.83 -5.31,11.62 -6.53,13.42 -7.09,14.52 -7.64,15.62 -8.13,16.80 -8.61,17.99 -9.14,18.94 -9.67,19.90 -9.84,20.12 -10.01,20.34 -10.22,20.51 -10.44,20.68 -10.69,20.80 -10.94,20.91 -11.21,20.97 -11.48,21.02 -11.76,21.00 -12.03,20.99 -12.30,20.91 -12.56,20.83 -12.80,20.69 -13.04,20.55 -13.24,20.36 -13.43,20.16 -13.58,19.93 -13.72,19.69 -13.81,19.43 -13.89,19.17 -13.91,18.89 -13.93,18.62 -13.89,18.35 -13.84,18.07 -13.73,17.82 -13.62,17.57 -13.42,15.97 -13.23,14.38 -13.06,14.03 -12.90,13.69 -12.63,13.41 -12.36,13.13 -12.02,12.96 -11.67,12.78 -11.29,12.73 -10.91,12.67 -10.53,12.74 -10.15,12.80 -9.82,12.99 -9.48,13.18 -9.22,13.46 -8.96,13.74 -8.80,14.09 -8.64,14.45 -8.61,14.83 -8.57,15.21 -8.66,15.59 -8.75,15.96 -8.95,16.29 -9.16,16.62 -9.45,16.86 -9.75,17.11 -10.11,17.24 -10.47,17.38 -10.85,17.40 -11.24,17.41 -11.61,17.30 -11.98,17.19 -12.29,16.97 -12.61,16.75 -12.84,16.44 -13.07,16.13 -13.18,15.77 -13.30,15.40 -13.30,15.01 -13.29,14.63 -13.16,14.27 -13.03,13.90 -12.80,13.60 -12.56,13.30 -12.24,13.09 -11.91,12.87 -11.54,12.78 -11.17,12.68 -10.78,12.71 -10.40,12.73 -10.04,12.88 -9.69,13.03 -9.40,13.28 -9.11,13.54 -8.92,13.87 -8.72,14.20 -8.65,14.58 -8.57,14.96 -8.62,15.34 -8.66,15.72 -8.66,15.72 -8.66,15.72 -9.12,16.72 -9.57,17.72 -9.62,18.81 -9.67,19.90 -9.84,20.12 -10.01,20.34 -10.22,20.51 -10.44,20.68 -10.69,20.80 -10.94,20.91 -11.21,20.97 -11.48,21.02 -11.76,21.00 -12.03,20.99 -12.30,20.91 -12.56,20.83 -12.80,20.69 -13.04,20.55 -13.24,20.36 -13.43,20.16 -13.58,19.93 -13.72,19.69 -13.81,19.43 -13.89,19.17 -13.91,18.89 -13.93,18.62 -13.89,18.35 -13.84,18.07 -13.73,17.82 -13.62,17.57 -13.00,16.89 -12.38,16.22 -11.71,14.92 -11.04,13.63 -10.32,12.57 -9.61,11.51 -8.58,9.68 -7.55,7.85 -6.46,5.70 -5.37,3.54 -4.30,1.72 -3.23,-0.09 -2.41,-0.84 -1.59,-1.59 -1.37,-1.75 -1.16,-1.92 -0.91,-2.03 -0.66,-2.14 -0.40,-2.19 -0.13,-2.24 0.13,-2.23 0.40,-2.21 0.66,-2.13 0.92,-2.05 1.15,-1.91 1.38,-1.77 1.58,-1.58 1.77,-1.38 1.91,-1.15 2.05,-0.92 2.13,-0.66 2.21,-0.40 2.23,-0.13 2.24,0.13 2.19,0.40 2.14,0.67 2.03,0.91 1.92,1.16 1.75,1.37 1.59,1.59 1.59,1.59 L 1.59,1.59 Z"/></g><g transform="translate(156.74842162058977 39.88709569897483) rotate(0 12.173042400442483 10.820485435875739)" stroke="none"><path fill="#1e1e1e" d="M 1.65,-1.10 Q 1.65,-1.10 2.02,-0.68 2.38,-0.25 3.57,0.88 4.76,2.02 7.12,4.16 9.47,6.31 11.88,8.51 14.28,10.70 16.98,13.04 19.68,15.38 21.46,17.03 23.25,18.68 24.39,19.61 25.53,20.54 25.54,19.74 25.55,18.93 25.69,19.09 25.83,19.25 25.92,19.44 26.02,19.63 26.06,19.84 26.11,20.04 26.10,20.25 26.10,20.47 26.04,20.67 25.99,20.87 25.89,21.06 25.78,21.24 25.64,21.40 25.50,21.55 25.32,21.67 25.14,21.79 24.94,21.86 24.74,21.93 24.53,21.95 24.32,21.97 24.11,21.94 23.90,21.91 23.71,21.83 23.51,21.75 23.34,21.63 23.17,21.50 22.91,20.67 22.65,19.83 22.76,19.57 22.86,19.30 23.05,19.09 23.23,18.87 23.48,18.73 23.72,18.58 24.00,18.52 24.28,18.46 24.56,18.50 24.84,18.53 25.10,18.65 25.36,18.77 25.56,18.97 25.76,19.16 25.90,19.42 26.03,19.67 26.07,19.95 26.12,20.23 26.07,20.51 26.02,20.79 25.89,21.04 25.75,21.29 25.54,21.48 25.34,21.67 25.08,21.79 24.82,21.91 24.54,21.94 24.26,21.97 23.98,21.90 23.70,21.84 23.46,21.69 23.22,21.55 23.04,21.33 22.85,21.11 22.75,20.85 22.65,20.58 22.63,20.30 22.62,20.02 22.70,19.74 22.77,19.47 22.94,19.24 23.10,19.00 23.32,18.83 23.55,18.66 23.82,18.57 24.09,18.48 24.37,18.49 24.66,18.49 24.93,18.58 25.19,18.67 25.42,18.85 25.64,19.02 25.80,19.25 25.96,19.49 26.03,19.76 26.11,20.04 25.83,19.48 25.55,18.93 25.69,19.09 25.83,19.25 25.92,19.44 26.02,19.63 26.06,19.84 26.11,20.04 26.10,20.25 26.10,20.47 26.04,20.67 25.99,20.87 25.89,21.06 25.78,21.24 25.64,21.40 25.50,21.55 25.32,21.67 25.14,21.79 24.94,21.86 24.74,21.93 24.53,21.95 24.32,21.97 24.11,21.94 23.90,21.91 23.71,21.83 23.51,21.75 23.34,21.63 23.17,21.50 23.20,22.27 23.22,23.04 22.22,21.99 21.22,20.94 19.43,19.38 17.63,17.82 14.83,15.54 12.04,13.26 9.56,11.18 7.07,9.11 4.53,7.05 1.98,4.99 0.42,3.55 -1.14,2.12 -1.39,1.61 -1.65,1.10 -1.76,0.88 -1.87,0.67 -1.92,0.44 -1.97,0.20 -1.97,-0.03 -1.97,-0.27 -1.90,-0.50 -1.84,-0.73 -1.73,-0.94 -1.61,-1.15 -1.45,-1.33 -1.29,-1.51 -1.09,-1.64 -0.89,-1.77 -0.67,-1.85 -0.44,-1.93 -0.20,-1.96 0.03,-1.98 0.26,-1.95 0.50,-1.92 0.73,-1.83 0.95,-1.74 1.14,-1.60 1.34,-1.46 1.49,-1.28 1.65,-1.10 1.65,-1.10 L 1.65,-1.10 Z"/></g><g transform="translate(209.7687576586576 48.54348801025432) rotate(0 0.8115361600294904 3.246134733670729)" stroke="none"><path fill="#1e1e1e" d="M -1.66,-1.66 Q -1.66,-1.66 -0.91,-2.47 -0.17,-3.28 0.38,-4.30 0.94,-5.33 -1.08,-5.00 -3.11,-4.68 -4.61,-4.30 -6.12,-3.93 -7.20,-3.20 -8.29,-2.46 -8.81,-1.09 -9.32,0.27 -9.59,1.55 -9.86,2.83 -9.36,4.01 -8.86,5.19 -6.93,6.55 -5.01,7.90 -2.10,9.04 0.80,10.17 3.29,10.85 5.77,11.53 7.85,11.83 9.94,12.13 11.05,11.99 12.16,11.84 12.39,10.56 12.62,9.28 12.84,9.30 13.06,9.32 13.27,9.39 13.48,9.47 13.66,9.59 13.85,9.71 14.00,9.87 14.15,10.03 14.26,10.22 14.37,10.41 14.42,10.63 14.48,10.84 14.49,11.06 14.50,11.28 14.45,11.50 14.40,11.71 14.31,11.91 14.21,12.11 14.07,12.28 13.93,12.45 13.75,12.58 13.57,12.71 13.37,12.79 13.16,12.88 12.94,12.91 12.73,12.95 11.83,12.33 10.94,11.72 10.89,11.43 10.84,11.14 10.88,10.85 10.93,10.55 11.06,10.29 11.20,10.03 11.41,9.82 11.62,9.61 11.89,9.48 12.16,9.35 12.45,9.32 12.74,9.28 13.04,9.34 13.33,9.40 13.58,9.55 13.84,9.70 14.03,9.92 14.23,10.15 14.34,10.42 14.46,10.69 14.48,10.99 14.50,11.29 14.42,11.57 14.35,11.86 14.18,12.11 14.02,12.35 13.79,12.54 13.55,12.72 13.27,12.82 12.99,12.92 12.70,12.92 12.40,12.93 12.12,12.84 11.84,12.74 11.60,12.57 11.36,12.39 11.19,12.15 11.02,11.91 10.94,11.62 10.85,11.34 10.86,11.04 10.88,10.74 10.98,10.47 11.09,10.19 11.28,9.96 11.47,9.73 11.72,9.58 11.97,9.42 12.26,9.35 12.55,9.28 12.84,9.31 13.14,9.34 13.41,9.46 13.68,9.58 13.90,9.78 14.12,9.98 13.37,9.63 12.62,9.28 12.84,9.30 13.06,9.32 13.27,9.39 13.47,9.47 13.66,9.59 13.85,9.71 14.00,9.87 14.15,10.03 14.26,10.22 14.37,10.41 14.42,10.63 14.48,10.84 14.49,11.06 14.50,11.28 14.45,11.50 14.40,11.71 14.31,11.91 14.21,12.11 14.07,12.28 13.93,12.45 13.75,12.58 13.57,12.71 13.37,12.79 13.16,12.88 12.94,12.91 12.73,12.95 12.51,14.13 12.30,15.31 10.93,15.24 9.56,15.16 7.27,14.91 4.98,14.65 2.29,14.02 -0.39,13.39 -3.78,12.16 -7.17,10.93 -9.84,8.93 -12.50,6.93 -13.27,4.61 -14.05,2.30 -13.66,0.46 -13.27,-1.37 -12.25,-3.67 -11.22,-5.97 -9.41,-7.28 -7.59,-8.59 -5.20,-9.38 -2.81,-10.16 -1.33,-10.05 0.15,-9.94 1.91,-9.43 3.68,-8.91 4.71,-7.63 5.73,-6.34 5.78,-4.95 5.82,-3.56 5.32,-2.57 4.82,-1.58 4.05,-0.70 3.28,0.16 2.47,0.91 1.66,1.66 1.43,1.83 1.21,2.01 0.95,2.12 0.69,2.24 0.42,2.29 0.14,2.34 -0.14,2.32 -0.42,2.31 -0.69,2.22 -0.96,2.14 -1.20,1.99 -1.44,1.84 -1.64,1.64 -1.85,1.44 -1.99,1.20 -2.14,0.96 -2.22,0.69 -2.31,0.42 -2.32,0.14 -2.34,-0.14 -2.29,-0.42 -2.24,-0.69 -2.12,-0.95 -2.01,-1.21 -1.83,-1.43 -1.66,-1.66 -1.66,-1.66 L -1.66,-1.66 Z"/></g><g transform="translate(202.19444658224165 53.9537158685213) rotate(0 7.033300178325959 0)" stroke="none"><path fill="#1e1e1e" d="M 0,-2.40 Q 0,-2.40 1.55,-2.38 3.11,-2.37 4.70,-2.36 6.29,-2.34 7.75,-2.35 9.21,-2.36 11.39,-2.40 13.58,-2.44 13.97,-2.37 14.36,-2.31 14.70,-2.12 15.05,-1.94 15.33,-1.65 15.60,-1.36 15.76,-1.01 15.93,-0.65 15.97,-0.26 16.01,0.13 15.93,0.51 15.84,0.90 15.64,1.24 15.44,1.58 15.14,1.83 14.83,2.09 14.47,2.23 14.10,2.38 13.71,2.40 13.31,2.42 12.93,2.32 12.55,2.21 12.22,1.99 11.90,1.77 11.66,1.45 11.42,1.14 11.29,0.76 11.17,0.39 11.17,-0.00 11.17,-0.39 11.29,-0.76 11.42,-1.14 11.66,-1.45 11.90,-1.77 12.23,-1.99 12.55,-2.21 12.93,-2.32 13.31,-2.42 13.71,-2.40 14.10,-2.38 14.47,-2.23 14.84,-2.09 15.14,-1.83 15.44,-1.57 15.64,-1.24 15.84,-0.90 15.93,-0.51 16.01,-0.13 15.97,0.26 15.93,0.65 15.76,1.01 15.60,1.37 15.32,1.65 15.05,1.94 14.70,2.12 14.36,2.31 13.97,2.37 13.58,2.44 13.58,2.44 13.58,2.44 11.39,2.40 9.21,2.36 7.75,2.35 6.29,2.34 4.70,2.36 3.11,2.37 1.55,2.38 0,2.40 -0.28,2.36 -0.57,2.33 -0.84,2.22 -1.11,2.12 -1.35,1.96 -1.59,1.79 -1.78,1.58 -1.97,1.36 -2.11,1.10 -2.24,0.85 -2.31,0.57 -2.38,0.28 -2.38,-0.00 -2.38,-0.28 -2.31,-0.57 -2.24,-0.85 -2.11,-1.10 -1.97,-1.36 -1.78,-1.58 -1.59,-1.79 -1.35,-1.96 -1.11,-2.12 -0.84,-2.22 -0.57,-2.33 -0.28,-2.36 0.00,-2.40 0.00,-2.40 L 0,-2.40 Z"/></g><g transform="translate(234.65589298342155 67.47932513997776) rotate(0 17.583270258709433 -15.148671685068194)" stroke="none"><path fill="#1e1e1e" d="M -1.59,-1.15 Q -1.59,-1.15 -0.28,-2.81 1.03,-4.48 2.69,-6.71 4.36,-8.95 6.35,-11.47 8.33,-13.99 9.91,-16.67 11.48,-19.35 12.46,-21.40 13.45,-23.45 13.94,-25.07 14.44,-26.70 14.57,-28.23 14.70,-29.77 14.72,-29.86 14.75,-29.95 14.82,-30.18 14.89,-30.41 15.01,-30.62 15.13,-30.82 15.30,-30.99 15.47,-31.16 15.67,-31.29 15.87,-31.41 16.10,-31.49 16.33,-31.56 16.57,-31.58 16.81,-31.59 17.04,-31.55 17.28,-31.51 17.50,-31.41 17.72,-31.32 17.91,-31.17 18.10,-31.02 18.24,-30.84 18.39,-30.65 18.49,-30.43 18.59,-30.21 18.64,-29.98 18.68,-29.74 18.67,-29.50 18.66,-29.27 18.56,-27.32 18.46,-25.38 18.45,-23.84 18.44,-22.30 18.43,-20.72 18.42,-19.14 19.58,-19.55 20.73,-19.97 22.22,-21.25 23.70,-22.53 25.17,-24.13 26.63,-25.72 27.50,-26.92 28.38,-28.12 29.16,-29.48 29.95,-30.83 30.13,-31.04 30.31,-31.26 30.54,-31.42 30.77,-31.58 31.03,-31.69 31.29,-31.79 31.56,-31.83 31.84,-31.87 32.12,-31.84 32.40,-31.81 32.66,-31.71 32.93,-31.62 33.16,-31.46 33.39,-31.31 33.58,-31.10 33.77,-30.90 33.91,-30.65 34.04,-30.40 34.11,-30.13 34.18,-29.86 34.19,-29.58 34.19,-29.30 34.13,-29.03 34.07,-28.76 33.94,-28.51 33.82,-28.26 33.40,-25.33 32.98,-22.41 32.72,-19.72 32.45,-17.03 32.61,-14.57 32.76,-12.11 32.96,-9.93 33.15,-7.75 33.49,-6.43 33.82,-5.11 35.26,-5.09 36.70,-5.06 36.71,-4.83 36.73,-4.61 36.69,-4.38 36.65,-4.16 36.56,-3.95 36.46,-3.75 36.33,-3.57 36.19,-3.39 36.01,-3.25 35.83,-3.11 35.63,-3.01 35.42,-2.92 35.20,-2.88 34.98,-2.84 34.75,-2.85 34.52,-2.86 34.31,-2.93 34.09,-2.99 33.90,-3.11 33.70,-3.23 33.54,-3.38 33.38,-3.54 33.26,-3.74 33.15,-3.93 33.08,-4.15 33.01,-4.36 33.80,-5.46 34.59,-6.57 34.89,-6.56 35.20,-6.55 35.48,-6.45 35.77,-6.35 36.01,-6.16 36.24,-5.97 36.41,-5.71 36.57,-5.46 36.65,-5.16 36.72,-4.87 36.70,-4.57 36.68,-4.26 36.56,-3.98 36.44,-3.71 36.24,-3.48 36.03,-3.25 35.77,-3.10 35.51,-2.95 35.21,-2.89 34.91,-2.83 34.61,-2.87 34.31,-2.91 34.04,-3.05 33.76,-3.18 33.55,-3.39 33.33,-3.61 33.20,-3.88 33.06,-4.15 33.02,-4.45 32.98,-4.75 33.03,-5.05 33.09,-5.35 33.24,-5.61 33.38,-5.88 33.61,-6.08 33.84,-6.29 34.11,-6.41 34.39,-6.53 34.69,-6.55 35.00,-6.58 35.29,-6.51 35.59,-6.44 35.84,-6.27 36.10,-6.11 36.29,-5.88 36.48,-5.64 36.59,-5.36 36.69,-5.07 36.70,-4.77 36.71,-4.46 36.63,-4.17 36.54,-3.88 36.36,-3.63 36.19,-3.39 35.94,-3.21 35.69,-3.03 36.20,-4.04 36.70,-5.06 36.71,-4.83 36.73,-4.61 36.69,-4.38 36.65,-4.16 36.56,-3.95 36.46,-3.75 36.33,-3.57 36.19,-3.39 36.01,-3.25 35.83,-3.11 35.63,-3.01 35.42,-2.92 35.20,-2.88 34.98,-2.84 34.75,-2.85 34.52,-2.86 34.31,-2.93 34.09,-2.99 33.90,-3.11 33.70,-3.23 33.54,-3.38 33.38,-3.54 33.26,-3.74 33.15,-3.93 33.08,-4.15 33.01,-4.36 31.66,-4.39 30.31,-4.42 30.11,-5.90 29.92,-7.38 29.60,-9.58 29.29,-11.79 28.97,-14.53 28.65,-17.26 28.74,-20.22 28.82,-23.17 29.52,-25.79 30.21,-28.42 30.08,-29.62 29.95,-30.83 30.13,-31.04 30.31,-31.26 30.54,-31.42 30.77,-31.58 31.03,-31.69 31.29,-31.79 31.56,-31.83 31.84,-31.87 32.12,-31.84 32.40,-31.81 32.66,-31.71 32.93,-31.62 33.16,-31.46 33.39,-31.31 33.58,-31.10 33.77,-30.90 33.91,-30.65 34.04,-30.40 34.11,-30.13 34.18,-29.86 34.19,-29.58 34.19,-29.30 34.13,-29.03 34.07,-28.76 33.94,-28.51 33.82,-28.26 32.72,-26.95 31.63,-25.64 30.65,-24.42 29.67,-23.20 28.24,-21.29 26.81,-19.39 25.14,-17.56 23.47,-15.73 22.00,-14.86 20.54,-13.99 19.01,-13.89 17.49,-13.80 16.14,-14.91 14.79,-16.02 14.42,-17.57 14.06,-19.12 14.07,-20.74 14.09,-22.36 14.12,-23.96 14.16,-25.55 14.45,-27.75 14.75,-29.95 14.82,-30.18 14.89,-30.41 15.01,-30.62 15.13,-30.82 15.30,-30.99 15.47,-31.16 15.67,-31.29 15.87,-31.41 16.10,-31.49 16.33,-31.56 16.57,-31.58 16.81,-31.59 17.04,-31.55 17.28,-31.51 17.50,-31.41 17.72,-31.32 17.91,-31.17 18.09,-31.02 18.24,-30.84 18.39,-30.65 18.49,-30.43 18.59,-30.21 18.64,-29.98 18.68,-29.74 18.67,-29.50 18.66,-29.27 18.40,-28.54 18.14,-27.82 17.76,-26.75 17.39,-25.68 16.73,-23.95 16.07,-22.22 15.08,-20.04 14.08,-17.85 12.46,-14.97 10.83,-12.08 8.96,-9.55 7.08,-7.02 5.51,-4.69 3.94,-2.36 2.76,-0.60 1.59,1.15 1.43,1.33 1.26,1.50 1.07,1.63 0.87,1.76 0.64,1.84 0.42,1.92 0.18,1.94 -0.04,1.96 -0.28,1.93 -0.51,1.90 -0.73,1.81 -0.95,1.72 -1.15,1.58 -1.34,1.44 -1.49,1.26 -1.64,1.07 -1.75,0.86 -1.85,0.65 -1.91,0.42 -1.96,0.18 -1.95,-0.04 -1.94,-0.28 -1.88,-0.51 -1.82,-0.74 -1.70,-0.95 -1.59,-1.15 -1.59,-1.15 L -1.59,-1.15 Z"/></g><g transform="translate(293.62746777784633 24.738433920353884) rotate(0 -0.5410108980900077 28.133250245540154)" stroke="none"><path fill="#1e1e1e" d="M 1.87,0.15 Q 1.87,0.15 1.48,3.88 1.09,7.60 0.91,13.49 0.72,19.38 0.63,25.32 0.53,31.25 0.47,36.11 0.42,40.97 0.39,44.28 0.36,47.59 0.34,49.77 0.32,51.95 0.43,53.19 0.55,54.43 0.61,54.80 0.68,55.17 0.65,55.39 0.63,55.60 0.55,55.80 0.48,55.99 0.35,56.17 0.23,56.34 0.07,56.48 -0.08,56.63 -0.26,56.72 -0.45,56.82 -0.66,56.87 -0.87,56.92 -1.08,56.92 -1.29,56.92 -1.50,56.87 -1.70,56.82 -1.89,56.72 -2.08,56.62 -2.24,56.48 -2.40,56.34 -2.52,56.16 -2.64,55.99 -2.71,55.79 -2.79,55.59 -2.82,55.38 -2.84,55.17 -2.42,52.37 -1.99,49.58 -1.85,49.30 -1.70,49.02 -1.47,48.80 -1.24,48.58 -0.96,48.44 -0.67,48.31 -0.35,48.27 -0.04,48.24 0.26,48.30 0.57,48.37 0.84,48.53 1.11,48.69 1.32,48.93 1.53,49.17 1.65,49.47 1.76,49.76 1.78,50.07 1.80,50.39 1.72,50.70 1.64,51.00 1.46,51.27 1.28,51.53 1.03,51.72 0.78,51.91 0.48,52.02 0.18,52.12 -0.12,52.12 -0.44,52.12 -0.74,52.03 -1.04,51.93 -1.29,51.74 -1.55,51.55 -1.73,51.28 -1.91,51.02 -1.99,50.72 -2.08,50.41 -2.06,50.10 -2.05,49.78 -1.93,49.49 -1.82,49.19 -1.61,48.95 -1.41,48.71 -1.14,48.54 -0.87,48.38 -0.56,48.31 -0.25,48.24 0.05,48.27 0.37,48.30 0.66,48.43 0.94,48.56 1.18,48.78 1.41,49.00 1.56,49.28 1.71,49.56 1.76,49.87 1.81,50.18 1.76,50.49 1.71,50.80 1.71,50.80 1.71,50.80 1.20,52.99 0.68,55.17 0.65,55.39 0.63,55.60 0.55,55.80 0.48,55.99 0.35,56.17 0.23,56.34 0.07,56.48 -0.08,56.63 -0.26,56.72 -0.45,56.82 -0.66,56.87 -0.87,56.92 -1.08,56.92 -1.29,56.92 -1.50,56.87 -1.70,56.82 -1.89,56.72 -2.08,56.62 -2.24,56.48 -2.40,56.34 -2.52,56.16 -2.64,55.99 -2.71,55.79 -2.79,55.59 -2.82,55.38 -2.84,55.17 -2.77,54.80 -2.71,54.43 -2.59,53.19 -2.47,51.95 -2.48,49.76 -2.49,47.58 -2.50,44.27 -2.51,40.95 -2.52,36.09 -2.53,31.22 -2.51,25.27 -2.50,19.31 -2.42,13.31 -2.34,7.32 -2.10,3.58 -1.87,-0.15 -1.82,-0.37 -1.78,-0.59 -1.68,-0.80 -1.58,-1.00 -1.44,-1.18 -1.29,-1.35 -1.11,-1.49 -0.93,-1.62 -0.72,-1.71 -0.51,-1.80 -0.29,-1.84 -0.07,-1.87 0.15,-1.85 0.38,-1.84 0.59,-1.76 0.81,-1.69 1.00,-1.57 1.19,-1.45 1.34,-1.28 1.50,-1.12 1.61,-0.92 1.73,-0.73 1.79,-0.51 1.85,-0.29 1.86,-0.07 1.87,0.15 1.87,0.15 L 1.87,0.15 Z"/></g><g transform="translate(335.8273480993802 37.18198176984134) rotate(0 -8.11536160029496 11.361506240412965)" stroke="none"><path fill="#1e1e1e" d="M 1.59,1.39 Q 1.59,1.39 0.50,2.63 -0.58,3.88 -2.19,5.71 -3.79,7.53 -5.46,9.40 -7.12,11.27 -8.40,13.21 -9.68,15.14 -10.70,16.78 -11.71,18.43 -12.18,19.58 -12.65,20.73 -13.34,21.02 -14.03,21.31 -14.18,21.51 -14.34,21.70 -14.53,21.85 -14.73,22.00 -14.96,22.10 -15.18,22.20 -15.43,22.24 -15.67,22.28 -15.92,22.26 -16.16,22.24 -16.40,22.17 -16.63,22.09 -16.84,21.96 -17.05,21.83 -17.22,21.65 -17.40,21.47 -17.52,21.26 -17.65,21.05 -17.72,20.81 -17.79,20.58 -17.80,20.33 -17.81,20.08 -17.76,19.84 -17.71,19.60 -17.61,19.37 -17.51,19.15 -17.43,19.04 -17.36,18.94 -17.11,18.72 -16.86,18.50 -16.55,18.37 -16.25,18.24 -15.92,18.22 -15.59,18.19 -15.27,18.27 -14.95,18.35 -14.67,18.53 -14.39,18.71 -14.18,18.97 -13.98,19.23 -13.86,19.55 -13.75,19.86 -13.75,20.19 -13.74,20.52 -13.84,20.84 -13.94,21.15 -14.13,21.42 -14.33,21.69 -14.60,21.88 -14.87,22.07 -15.18,22.17 -15.50,22.26 -15.83,22.25 -16.16,22.24 -16.47,22.13 -16.79,22.01 -17.04,21.80 -17.30,21.59 -17.48,21.31 -17.65,21.03 -17.73,20.71 -17.81,20.39 -17.78,20.06 -17.75,19.73 -17.62,19.42 -17.49,19.12 -17.26,18.87 -17.04,18.63 -16.75,18.47 -16.46,18.30 -16.14,18.24 -15.81,18.18 -15.48,18.23 -15.15,18.28 -14.86,18.43 -14.56,18.58 -14.33,18.81 -14.10,19.05 -13.95,19.34 -13.80,19.64 -13.76,19.97 -13.72,20.30 -13.78,20.62 -13.85,20.95 -13.94,21.13 -14.03,21.31 -14.18,21.51 -14.34,21.70 -14.53,21.85 -14.73,22.00 -14.96,22.10 -15.18,22.20 -15.43,22.24 -15.67,22.28 -15.92,22.26 -16.16,22.24 -16.40,22.17 -16.63,22.09 -16.84,21.96 -17.05,21.83 -17.22,21.65 -17.40,21.47 -17.52,21.26 -17.65,21.05 -17.72,20.81 -17.79,20.58 -17.80,20.33 -17.81,20.08 -17.76,19.84 -17.71,19.60 -17.61,19.37 -17.51,19.15 -16.70,19.12 -15.90,19.09 -15.19,17.90 -14.48,16.72 -13.46,15.06 -12.43,13.40 -11.12,11.22 -9.80,9.04 -8.28,7.10 -6.76,5.15 -5.26,3.12 -3.76,1.09 -2.67,-0.14 -1.59,-1.39 -1.40,-1.56 -1.21,-1.73 -0.98,-1.85 -0.76,-1.97 -0.51,-2.03 -0.26,-2.09 -0.01,-2.09 0.24,-2.09 0.48,-2.03 0.73,-1.98 0.96,-1.86 1.18,-1.74 1.38,-1.57 1.57,-1.41 1.71,-1.20 1.86,-0.99 1.95,-0.75 2.04,-0.51 2.08,-0.26 2.11,-0.01 2.08,0.24 2.05,0.49 1.96,0.73 1.87,0.97 1.73,1.18 1.58,1.39 1.58,1.39 L 1.59,1.39 Z"/></g><g transform="translate(314.1864366663123 38.264043191810345) rotate(0 14.337085992802372 12.984568654024713)" stroke="none"><path fill="#1e1e1e" d="M 1.08,-1.62 Q 1.08,-1.62 2.48,-0.70 3.89,0.22 5.71,1.64 7.53,3.06 10.68,6.08 13.84,9.10 17.01,12.24 20.18,15.39 22.45,17.67 24.71,19.94 26.29,21.54 27.87,23.14 29.32,23.56 30.77,23.98 30.88,24.12 30.99,24.26 31.06,24.42 31.14,24.59 31.17,24.76 31.21,24.94 31.20,25.12 31.19,25.30 31.13,25.48 31.08,25.65 30.99,25.80 30.90,25.96 30.77,26.09 30.64,26.22 30.49,26.31 30.33,26.40 30.16,26.46 29.99,26.51 29.81,26.53 29.63,26.54 29.45,26.51 29.27,26.47 29.11,26.40 28.94,26.33 28.80,26.22 28.66,26.11 28.55,25.17 28.45,24.23 28.61,24.05 28.78,23.87 28.99,23.75 29.20,23.63 29.44,23.59 29.68,23.54 29.92,23.58 30.16,23.61 30.37,23.72 30.59,23.83 30.76,24.00 30.93,24.17 31.04,24.39 31.15,24.61 31.18,24.85 31.21,25.09 31.16,25.33 31.12,25.56 31.00,25.77 30.88,25.99 30.69,26.15 30.51,26.31 30.29,26.40 30.07,26.50 29.82,26.52 29.58,26.53 29.35,26.47 29.11,26.41 28.91,26.28 28.70,26.15 28.55,25.96 28.40,25.77 28.32,25.54 28.24,25.32 28.23,25.07 28.23,24.83 28.30,24.60 28.37,24.37 28.51,24.17 28.66,23.98 28.85,23.84 29.05,23.69 29.28,23.62 29.52,23.55 29.76,23.56 30.00,23.57 30.23,23.65 30.46,23.74 30.64,23.89 30.83,24.04 30.96,24.25 31.09,24.45 31.15,24.69 31.21,24.93 31.18,25.17 31.16,25.41 30.96,24.69 30.77,23.98 30.88,24.12 30.99,24.26 31.06,24.42 31.14,24.59 31.17,24.76 31.21,24.94 31.20,25.12 31.19,25.30 31.13,25.48 31.08,25.65 30.99,25.80 30.90,25.96 30.77,26.09 30.64,26.22 30.49,26.31 30.33,26.40 30.16,26.46 29.99,26.51 29.81,26.53 29.63,26.54 29.45,26.51 29.27,26.47 29.11,26.40 28.94,26.33 28.80,26.22 28.66,26.11 27.24,25.65 25.83,25.20 24.22,23.64 22.61,22.09 20.30,19.86 17.99,17.64 14.78,14.59 11.57,11.54 8.49,8.76 5.42,5.98 3.56,4.74 1.70,3.51 0.31,2.56 -1.08,1.62 -1.25,1.46 -1.43,1.31 -1.57,1.12 -1.71,0.93 -1.79,0.71 -1.88,0.49 -1.91,0.26 -1.94,0.03 -1.92,-0.20 -1.90,-0.43 -1.82,-0.65 -1.74,-0.87 -1.61,-1.07 -1.47,-1.26 -1.30,-1.42 -1.13,-1.58 -0.92,-1.69 -0.72,-1.81 -0.49,-1.87 -0.26,-1.93 -0.03,-1.93 0.20,-1.93 0.43,-1.88 0.66,-1.83 0.87,-1.72 1.08,-1.62 1.08,-1.62 L 1.08,-1.62 Z"/></g><g transform="translate(353.1401723477282 53.95373568141579) rotate(0 13.796114720501464 0.8115361600294904)" stroke="none"><path fill="#1e1e1e" d="M 0,-2.02 Q 0,-2.02 2.64,-1.93 5.28,-1.83 8.32,-1.60 11.35,-1.38 14.04,-1.10 16.74,-0.83 18.98,-0.54 21.22,-0.25 23.96,-0.32 26.70,-0.40 26.88,-0.35 27.06,-0.31 27.23,-0.23 27.39,-0.14 27.53,-0.02 27.67,0.09 27.78,0.24 27.88,0.39 27.95,0.56 28.02,0.73 28.04,0.92 28.06,1.10 28.04,1.28 28.02,1.47 27.96,1.64 27.89,1.81 27.79,1.96 27.69,2.12 27.55,2.24 27.41,2.36 27.25,2.45 27.09,2.54 26.91,2.58 26.73,2.63 26.55,2.63 26.36,2.63 25.73,2.13 25.09,1.62 25.05,1.38 25.00,1.13 25.04,0.89 25.08,0.64 25.19,0.42 25.30,0.20 25.48,0.03 25.66,-0.13 25.88,-0.24 26.11,-0.35 26.35,-0.38 26.60,-0.40 26.84,-0.35 27.08,-0.30 27.30,-0.18 27.51,-0.05 27.67,0.12 27.83,0.31 27.93,0.54 28.02,0.77 28.04,1.01 28.06,1.26 27.99,1.50 27.93,1.74 27.79,1.95 27.66,2.15 27.46,2.30 27.27,2.46 27.03,2.54 26.80,2.62 26.55,2.62 26.30,2.63 26.07,2.55 25.83,2.47 25.63,2.33 25.44,2.18 25.29,1.97 25.15,1.77 25.08,1.53 25.01,1.30 25.03,1.05 25.04,0.80 25.12,0.57 25.21,0.34 25.37,0.15 25.53,-0.03 25.74,-0.16 25.95,-0.29 26.19,-0.35 26.43,-0.40 26.68,-0.38 26.93,-0.35 27.15,-0.25 27.38,-0.15 27.56,0.01 27.74,0.17 27.22,-0.11 26.70,-0.40 26.88,-0.35 27.06,-0.31 27.23,-0.23 27.39,-0.14 27.53,-0.02 27.67,0.09 27.78,0.24 27.88,0.39 27.95,0.56 28.02,0.73 28.04,0.92 28.06,1.10 28.04,1.28 28.02,1.47 27.96,1.64 27.89,1.81 27.79,1.96 27.69,2.12 27.55,2.24 27.41,2.36 27.25,2.45 27.09,2.54 26.91,2.58 26.73,2.63 26.55,2.63 26.36,2.63 23.62,2.69 20.88,2.75 18.68,2.54 16.47,2.34 13.83,2.17 11.18,2.00 8.23,1.91 5.28,1.83 2.64,1.93 0,2.02 -0.24,1.99 -0.48,1.96 -0.71,1.87 -0.94,1.79 -1.14,1.65 -1.34,1.51 -1.50,1.33 -1.66,1.15 -1.78,0.93 -1.89,0.71 -1.95,0.48 -2.01,0.24 -2.01,-0.00 -2.01,-0.24 -1.95,-0.48 -1.89,-0.71 -1.78,-0.93 -1.66,-1.15 -1.50,-1.33 -1.34,-1.51 -1.14,-1.65 -0.94,-1.79 -0.71,-1.88 -0.48,-1.96 -0.24,-1.99 0.00,-2.02 0.00,-2.02 L 0,-2.02 Z"/></g><g transform="translate(359.0914111040851 45.838374081120804) rotate(0 9.19742302226399 -0.27051535549225036)" stroke="none"><path fill="#1e1e1e" d="M -0.21,-2.33 Q -0.21,-2.33 1.50,-2.45 3.21,-2.57 5.09,-2.59 6.97,-2.61 8.70,-2.63 10.43,-2.64 11.91,-2.53 13.39,-2.42 15.67,-2.37 17.95,-2.33 18.32,-2.25 18.68,-2.18 19.01,-2.00 19.34,-1.81 19.58,-1.53 19.83,-1.25 19.98,-0.90 20.13,-0.56 20.15,-0.19 20.18,0.18 20.09,0.54 20.00,0.90 19.80,1.22 19.59,1.53 19.30,1.77 19.01,2.00 18.65,2.13 18.30,2.26 17.93,2.26 17.55,2.27 17.19,2.16 16.84,2.05 16.53,1.83 16.23,1.61 16.01,1.30 15.80,1.00 15.69,0.64 15.58,0.28 15.59,-0.08 15.60,-0.46 15.73,-0.81 15.86,-1.16 16.10,-1.45 16.34,-1.74 16.65,-1.94 16.97,-2.14 17.33,-2.23 17.70,-2.32 18.07,-2.29 18.45,-2.26 18.79,-2.11 19.13,-1.96 19.41,-1.71 19.69,-1.45 19.87,-1.13 20.05,-0.80 20.12,-0.43 20.19,-0.06 20.14,0.30 20.09,0.67 19.92,1.00 19.75,1.34 19.48,1.60 19.22,1.87 18.88,2.03 18.54,2.20 18.17,2.25 17.80,2.29 17.80,2.29 17.80,2.29 15.36,2.15 12.92,2.00 11.70,1.82 10.49,1.64 8.81,1.68 7.13,1.73 5.38,1.84 3.62,1.95 1.91,2.14 0.21,2.33 -0.07,2.32 -0.35,2.31 -0.62,2.24 -0.89,2.16 -1.14,2.02 -1.38,1.88 -1.59,1.69 -1.80,1.50 -1.95,1.26 -2.10,1.02 -2.20,0.75 -2.29,0.49 -2.31,0.21 -2.34,-0.07 -2.30,-0.35 -2.25,-0.62 -2.15,-0.89 -2.04,-1.15 -1.87,-1.37 -1.70,-1.60 -1.49,-1.78 -1.27,-1.96 -1.01,-2.09 -0.76,-2.21 -0.48,-2.27 -0.21,-2.33 -0.21,-2.33 L -0.21,-2.33 Z"/></g><g transform="translate(379.1093294686721 32.312764809664344) rotate(0 -9.467948284203487 14.337145431485965)" stroke="none"><path fill="#1e1e1e" d="M 1.41,1.41 Q 1.41,1.41 -0.02,2.77 -1.46,4.13 -3.13,6.15 -4.80,8.16 -6.79,10.74 -8.78,13.31 -10.40,15.76 -12.01,18.20 -13.31,20.60 -14.61,23.00 -15.45,24.69 -16.28,26.37 -15.69,26.93 -15.10,27.50 -15.21,27.66 -15.32,27.83 -15.47,27.96 -15.62,28.09 -15.79,28.19 -15.97,28.28 -16.16,28.33 -16.35,28.38 -16.55,28.38 -16.75,28.38 -16.94,28.33 -17.14,28.29 -17.31,28.19 -17.49,28.10 -17.64,27.97 -17.79,27.84 -17.90,27.68 -18.02,27.51 -18.09,27.33 -18.16,27.14 -18.18,26.95 -18.21,26.75 -18.19,26.55 -18.16,26.36 -18.09,26.17 -18.02,25.98 -17.53,25.57 -17.03,25.16 -16.77,25.13 -16.50,25.09 -16.24,25.15 -15.98,25.20 -15.75,25.33 -15.52,25.46 -15.34,25.66 -15.16,25.86 -15.06,26.11 -14.96,26.36 -14.94,26.62 -14.92,26.89 -14.98,27.15 -15.05,27.40 -15.20,27.63 -15.34,27.85 -15.55,28.02 -15.76,28.18 -16.01,28.27 -16.26,28.36 -16.53,28.37 -16.80,28.37 -17.05,28.29 -17.30,28.21 -17.52,28.06 -17.73,27.90 -17.89,27.68 -18.04,27.46 -18.12,27.21 -18.19,26.95 -18.19,26.69 -18.18,26.42 -18.08,26.17 -17.99,25.92 -17.82,25.71 -17.65,25.51 -17.43,25.36 -17.20,25.22 -16.94,25.16 -16.68,25.10 -16.42,25.12 -16.15,25.15 -15.91,25.25 -15.66,25.36 -15.46,25.54 -15.27,25.72 -15.14,25.95 -15.01,26.19 -14.96,26.45 -14.91,26.71 -14.95,26.97 -14.99,27.24 -15.11,27.48 -15.23,27.71 -15.42,27.90 -15.61,28.09 -15.35,27.79 -15.10,27.50 -15.21,27.66 -15.32,27.83 -15.47,27.96 -15.62,28.09 -15.79,28.19 -15.97,28.28 -16.16,28.33 -16.35,28.38 -16.55,28.38 -16.75,28.38 -16.94,28.33 -17.14,28.29 -17.31,28.19 -17.49,28.10 -17.64,27.97 -17.79,27.84 -17.90,27.68 -18.02,27.52 -18.09,27.33 -18.16,27.14 -18.18,26.95 -18.21,26.75 -18.19,26.55 -18.16,26.36 -18.09,26.17 -18.02,25.98 -18.52,25.47 -19.02,24.95 -18.12,23.29 -17.22,21.62 -15.91,19.09 -14.60,16.55 -12.99,13.96 -11.38,11.38 -9.45,8.70 -7.53,6.03 -5.83,3.74 -4.13,1.46 -2.77,0.02 -1.41,-1.41 -1.22,-1.55 -1.03,-1.70 -0.81,-1.80 -0.59,-1.90 -0.35,-1.94 -0.12,-1.99 0.11,-1.97 0.35,-1.96 0.58,-1.89 0.81,-1.81 1.02,-1.69 1.23,-1.57 1.40,-1.40 1.57,-1.23 1.69,-1.02 1.81,-0.81 1.89,-0.58 1.96,-0.35 1.97,-0.11 1.99,0.12 1.94,0.35 1.90,0.59 1.80,0.81 1.70,1.03 1.55,1.22 1.41,1.41 1.41,1.41 L 1.41,1.41 Z"/></g><g transform="translate(411.02972534597296 38.805054089900324) rotate(0 -6.49228928023598 12.17305230688973)" stroke="none"><path fill="#1e1e1e" d="M 1.79,1.04 Q 1.79,1.04 0.62,2.86 -0.55,4.67 -1.50,6.73 -2.44,8.79 -3.35,10.92 -4.26,13.06 -5.47,15.29 -6.69,17.52 -7.44,19.20 -8.20,20.88 -8.78,22.27 -9.37,23.65 -9.74,24.67 -10.12,25.70 -10.23,25.92 -10.35,26.13 -10.51,26.32 -10.67,26.50 -10.88,26.65 -11.08,26.79 -11.31,26.87 -11.54,26.96 -11.79,26.99 -12.04,27.02 -12.28,26.99 -12.53,26.96 -12.76,26.87 -12.99,26.78 -13.19,26.64 -13.40,26.50 -13.56,26.32 -13.73,26.13 -13.84,25.91 -13.96,25.69 -14.02,25.45 -14.07,25.21 -14.07,24.96 -14.07,24.72 -14.01,24.48 -13.95,24.24 -14.24,22.18 -14.53,20.13 -14.37,19.82 -14.21,19.52 -13.96,19.29 -13.71,19.05 -13.40,18.91 -13.09,18.76 -12.75,18.73 -12.41,18.69 -12.07,18.77 -11.74,18.84 -11.44,19.02 -11.15,19.19 -10.93,19.46 -10.71,19.72 -10.58,20.03 -10.46,20.35 -10.44,20.69 -10.42,21.04 -10.51,21.37 -10.60,21.70 -10.80,21.98 -10.99,22.26 -11.26,22.47 -11.54,22.67 -11.86,22.78 -12.18,22.89 -12.53,22.89 -12.87,22.89 -13.19,22.78 -13.52,22.67 -13.79,22.46 -14.06,22.26 -14.25,21.97 -14.44,21.69 -14.54,21.36 -14.63,21.03 -14.61,20.69 -14.59,20.35 -14.46,20.03 -14.33,19.71 -14.11,19.45 -13.89,19.19 -13.60,19.01 -13.30,18.84 -12.97,18.76 -12.63,18.69 -12.29,18.73 -11.95,18.77 -11.64,18.91 -11.33,19.06 -11.09,19.29 -10.84,19.53 -10.68,19.83 -10.52,20.13 -10.46,20.47 -10.41,20.81 -10.46,21.15 -10.52,21.48 -10.52,21.48 -10.52,21.48 -10.72,22.30 -10.93,23.11 -10.52,24.40 -10.12,25.70 -10.23,25.91 -10.35,26.13 -10.51,26.32 -10.67,26.50 -10.88,26.64 -11.08,26.79 -11.31,26.87 -11.54,26.96 -11.79,26.99 -12.04,27.02 -12.28,26.99 -12.53,26.96 -12.76,26.87 -12.99,26.78 -13.19,26.64 -13.40,26.50 -13.56,26.32 -13.73,26.13 -13.84,25.91 -13.96,25.69 -14.01,25.45 -14.07,25.21 -14.07,24.97 -14.07,24.72 -14.01,24.48 -13.96,24.24 -13.23,23.19 -12.51,22.14 -11.79,20.83 -11.07,19.53 -10.23,17.81 -9.40,16.09 -8.33,13.98 -7.25,11.87 -6.44,9.66 -5.62,7.44 -4.71,5.11 -3.79,2.78 -2.79,0.87 -1.79,-1.04 -1.64,-1.24 -1.49,-1.44 -1.29,-1.60 -1.10,-1.76 -0.87,-1.86 -0.64,-1.97 -0.40,-2.02 -0.15,-2.07 0.09,-2.06 0.34,-2.05 0.58,-1.98 0.82,-1.90 1.04,-1.78 1.25,-1.65 1.43,-1.48 1.61,-1.30 1.75,-1.09 1.88,-0.88 1.96,-0.64 2.03,-0.40 2.05,-0.15 2.07,0.09 2.03,0.34 1.99,0.58 1.89,0.81 1.79,1.04 1.79,1.04 L 1.79,1.04 Z"/></g><g transform="translate(390.47083570908507 38.805054089900324) rotate(0 18.124281156799498 12.443557755934734)" stroke="none"><path fill="#1e1e1e" d="M 0.60,-1.80 Q 0.60,-1.80 2.02,-1.38 3.44,-0.96 5.43,0.34 7.43,1.64 10.41,3.93 13.39,6.22 17.11,9.06 20.83,11.90 24.27,14.52 27.71,17.14 29.97,19.07 32.23,20.99 33.78,22.04 35.32,23.09 36.24,22.91 37.15,22.72 37.29,22.85 37.43,22.98 37.54,23.13 37.64,23.29 37.71,23.46 37.78,23.64 37.80,23.83 37.82,24.02 37.79,24.20 37.77,24.39 37.70,24.57 37.63,24.74 37.52,24.90 37.41,25.05 37.27,25.18 37.13,25.30 36.96,25.39 36.79,25.47 36.61,25.52 36.43,25.56 36.24,25.56 36.05,25.56 35.87,25.51 35.68,25.46 35.52,25.37 35.35,25.28 35.05,24.42 34.75,23.56 34.86,23.34 34.97,23.11 35.14,22.93 35.32,22.74 35.55,22.63 35.77,22.51 36.02,22.48 36.27,22.44 36.52,22.48 36.77,22.53 36.99,22.65 37.22,22.77 37.39,22.96 37.56,23.14 37.66,23.37 37.77,23.61 37.79,23.86 37.81,24.11 37.76,24.36 37.70,24.60 37.56,24.82 37.43,25.03 37.24,25.19 37.04,25.36 36.80,25.45 36.57,25.54 36.31,25.55 36.06,25.56 35.82,25.49 35.57,25.42 35.37,25.27 35.16,25.12 35.01,24.92 34.86,24.72 34.78,24.48 34.70,24.24 34.71,23.98 34.71,23.73 34.79,23.49 34.88,23.25 35.03,23.05 35.19,22.85 35.40,22.71 35.61,22.57 35.86,22.51 36.10,22.44 36.36,22.46 36.61,22.48 36.84,22.58 37.08,22.67 37.27,22.84 37.46,23.01 37.59,23.23 37.71,23.44 37.77,23.69 37.82,23.94 37.48,23.33 37.15,22.72 37.29,22.85 37.43,22.98 37.54,23.13 37.64,23.29 37.71,23.46 37.78,23.64 37.80,23.83 37.82,24.02 37.79,24.20 37.77,24.39 37.70,24.57 37.63,24.74 37.52,24.90 37.41,25.05 37.27,25.18 37.13,25.30 36.96,25.39 36.79,25.47 36.61,25.52 36.43,25.56 36.24,25.56 36.05,25.56 35.87,25.51 35.68,25.46 35.52,25.37 35.35,25.28 34.47,25.42 33.59,25.56 31.98,24.39 30.36,23.22 28.13,21.39 25.90,19.56 22.42,17.00 18.94,14.44 15.16,11.68 11.39,8.93 8.46,6.83 5.52,4.74 3.84,3.78 2.15,2.82 0.77,2.31 -0.60,1.80 -0.80,1.70 -1.01,1.60 -1.19,1.46 -1.37,1.31 -1.51,1.13 -1.64,0.95 -1.73,0.74 -1.82,0.53 -1.86,0.30 -1.90,0.07 -1.88,-0.15 -1.86,-0.38 -1.79,-0.59 -1.72,-0.81 -1.59,-1.00 -1.47,-1.20 -1.30,-1.36 -1.14,-1.52 -0.94,-1.63 -0.74,-1.75 -0.52,-1.81 -0.30,-1.87 -0.07,-1.88 0.15,-1.89 0.37,-1.85 0.60,-1.80 0.60,-1.80 L 0.60,-1.80 Z"/></g><g transform="translate(431.58861498286086 24.197403209369355) rotate(0 5.951278382146029 26.239672476436198)" stroke="none"><path fill="#1e1e1e" d="M -0.63,-2.53 Q -0.63,-2.53 0.64,-2.85 1.93,-3.17 3.67,-2.98 5.40,-2.80 6.82,-1.81 8.23,-0.83 9.05,0.65 9.86,2.13 10.28,3.12 10.70,4.11 10.95,5.43 11.21,6.74 11.14,8.15 11.06,9.56 10.62,10.77 10.18,11.99 9.06,13.74 7.95,15.49 6.88,16.50 5.81,17.50 7.49,17.56 9.16,17.62 10.63,18.85 12.10,20.08 13.01,20.70 13.91,21.32 14.46,21.93 15.00,22.54 15.26,22.84 15.53,23.14 15.71,23.50 15.89,23.86 15.99,24.25 16.08,24.64 16.08,25.04 16.07,25.44 15.97,25.83 15.88,26.21 15.69,26.57 15.50,26.92 15.23,27.22 14.96,27.52 14.63,27.74 14.30,27.97 13.92,28.11 13.55,28.25 13.15,28.29 12.75,28.34 12.35,28.28 11.95,28.23 11.58,28.09 11.21,27.94 10.88,27.71 10.55,27.48 12.13,27.86 13.70,28.25 12.73,28.78 11.76,29.31 10.83,30.00 9.90,30.69 10.55,29.13 11.20,27.57 11.89,28.46 12.59,29.35 13.08,30.68 13.58,32.01 13.78,33.41 13.99,34.82 14.06,36.20 14.12,37.58 14.24,38.71 14.36,39.84 14.42,41.13 14.49,42.42 14.52,44.51 14.55,46.59 14.38,47.68 14.21,48.76 13.41,50.61 12.62,52.45 11.68,53.46 10.74,54.46 9.42,55.16 8.10,55.86 6.92,56.26 5.73,56.65 4.59,56.85 3.44,57.05 2.72,56.56 1.99,56.06 1.61,56.41 1.23,56.77 0.76,56.98 0.29,57.19 -0.22,57.24 -0.74,57.30 -1.24,57.18 -1.75,57.06 -2.19,56.79 -2.63,56.52 -2.96,56.12 -3.30,55.72 -3.48,55.24 -3.67,54.76 -3.70,54.24 -3.72,53.72 -3.58,53.22 -3.43,52.72 -3.14,52.29 -2.84,51.87 -2.43,51.56 -2.01,51.25 -1.52,51.09 -1.02,50.92 -0.51,50.93 0.00,50.93 0.49,51.10 0.98,51.27 1.39,51.59 1.80,51.91 2.09,52.34 2.38,52.77 2.51,53.28 2.65,53.78 2.62,54.29 2.58,54.81 2.39,55.29 2.19,55.77 1.85,56.17 1.51,56.56 1.06,56.82 0.62,57.08 0.11,57.19 -0.39,57.30 -0.90,57.24 -1.42,57.18 -1.89,56.96 -2.36,56.73 -2.73,56.37 -3.10,56.01 -3.34,55.55 -3.58,55.09 -3.66,54.58 -3.74,54.07 -3.65,53.55 -3.56,53.04 -3.32,52.59 -3.07,52.13 -3.07,52.13 -3.07,52.13 0.32,51.35 3.71,50.56 5.00,50.15 6.29,49.73 7.08,48.61 7.87,47.48 7.97,46.08 8.07,44.68 7.93,42.75 7.80,40.81 7.46,38.51 7.12,36.21 6.56,34.30 6.00,32.38 5.36,31.25 4.73,30.11 4.71,28.92 4.68,27.73 5.41,26.47 6.13,25.21 6.97,24.45 7.81,23.69 9.33,22.97 10.84,22.25 12.92,22.39 15.00,22.54 15.26,22.84 15.53,23.14 15.71,23.50 15.89,23.86 15.99,24.25 16.08,24.64 16.08,25.04 16.07,25.44 15.97,25.83 15.88,26.21 15.69,26.57 15.50,26.92 15.23,27.22 14.96,27.52 14.63,27.74 14.30,27.97 13.92,28.11 13.55,28.25 13.15,28.29 12.75,28.34 12.35,28.28 11.95,28.23 11.58,28.09 11.21,27.94 10.88,27.71 10.55,27.48 9.89,26.69 9.23,25.91 7.98,24.89 6.73,23.87 5.42,22.93 4.10,21.98 3.00,21.28 1.90,20.58 1.00,19.48 0.10,18.38 0.16,16.34 0.21,14.30 1.75,13.05 3.28,11.80 4.10,10.68 4.91,9.56 5.27,8.56 5.63,7.56 5.26,5.99 4.90,4.42 3.97,3.17 3.04,1.93 1.83,2.23 0.63,2.53 0.32,2.57 0.00,2.61 -0.30,2.57 -0.61,2.54 -0.91,2.43 -1.20,2.31 -1.46,2.14 -1.72,1.96 -1.93,1.72 -2.14,1.49 -2.29,1.21 -2.44,0.93 -2.51,0.62 -2.59,0.32 -2.59,0.00 -2.59,-0.30 -2.52,-0.61 -2.44,-0.91 -2.30,-1.19 -2.15,-1.47 -1.94,-1.71 -1.74,-1.95 -1.48,-2.13 -1.22,-2.31 -0.92,-2.42 -0.63,-2.53 -0.63,-2.53 L -0.63,-2.53 Z"/></g></svg>